0
17
27
47
62
65
97
122
140
172
179
199
210
216
217
237
239
263
273
279
288
295
300
320
323
336
342
344
346
362
371
372
374
382
396
401
416
417
419
427
431
437
441
444
472
496
516
524
525
531
537
551
554
555
597
602
604
615
617
621
631
638
643
662
667
673
711
713
721
733
735
765
770
777
798
819
821
823
830
833
837
841
848
849
859
863
865
869
880
889
895
897
901
907
921
953
954
959
966
970
980
987
1014
1015
1036
1038
1039
1041
1045
1057
1063
1064
1075
1090
1098
1126
1134
1137
1168
1172
1185
1200
1213
1220
1230
1245
1255
1268
1270
1287
1288
1294
1301
1316
1336
1342
1352
1364
1429
1452
1453
1469
1472
1482
1490
1493
1501
1504
1510
1512
1529
1534
1538
1552
1572
1575
1579
1588
1610
1646
1654
1659
1660
1664
1665
1699
1702
1706
1707
1714
1715
1731
1754
1772
1774
1775
1788
1795
1798
1799
1800
1806
1830
1837
1854
1857
1862
1881
1885
1895
1897
1899
1915
1936
1939
1944
1955
1959
1967
1976
1996
